# Directed graph (each unordered pair of nodes is saved once): web-Stanford.txt 
# Stanford web graph from 2002
# Nodes: 281903 Edges: 2312497
# FromNodeId	ToNodeId
1	6548
1	15409
6548	57031
15409	13102
2	17794
2	25202
2	53625
2	54582
2	64930
2	73764
2	84477
2	98628
2	100193
2	102355
2	105318
2	105730
2	115926
2	140864
2	163550
2	164599
2	175799
2	178642
2	181714
2	190453
2	204189
2	204604
2	210870
2	213966
2	225119
2	241596
2	243294
2	246897
2	251658
2	252915
2	280935
252915	2
246897	2
246897	78056
251658	2
280935	2
213966	2
213966	47149
243294	2
225119	2
241596	2
178642	2
210870	2